


initiation is completed!
0,0,0,0:  524288
0,0,0,1:  524288
0,0,1,0:  524288
0,0,1,1:  524288
0,1,0,0:  524288
0,1,0,1:  524288
0,1,1,0:  524288
0,1,1,1:  524288
1,0,0,0:  524288
1,0,0,1:  524288
1,0,1,0:  524288
1,0,1,1:  524288
1,1,0,0:  524288
1,1,0,1:  524288
1,1,1,0:  524288
1,1,1,1:  524288

begin pre_process_page.................

pre_process is complete!
0,0,0,0:      0
0,0,0,1:  502078
0,0,1,0:  524288
0,0,1,1:  524288
0,1,0,0:  524288
0,1,0,1:  524288
0,1,1,0:  524288
0,1,1,1:  524288
1,0,0,0:  524288
1,0,0,1:  524288
1,0,1,0:  524288
1,0,1,1:  524288
1,1,0,0:  524288
1,1,0,1:  524288
1,1,1,0:  524288
1,1,1,1:  524288

begin simulating.......................


   ^o^    OK, please wait a moment, and enjoy music and coffee   ^o^    
here 27803756
It's right!

the simulation is completed!
0,0,0,0:      0
0,0,0,1:  52533
0,0,1,0:  52463
0,0,1,1:  154714
0,1,0,0:  52478
0,1,0,1:  52526
0,1,1,0:  156806
0,1,1,1:  355719
1,0,0,0:  52456
1,0,0,1:  52516
1,0,1,0:  154824
1,0,1,1:  352759
1,1,0,0:  52441
1,1,0,1:  52454
1,1,1,0:  153149
1,1,1,1:  350894
